4,3
4,2
4,1
4,0
3,6
3,5
3,4
3,3
3,2
3,1
3,0
2,3
2,2
2,1
2,0
1,3
1,2
1,1
1,0
0,315
0,243
83,1
83,15
83,3
87,1
85,1
83,0
87,9
85,25
87,3
87,0
89,1
89,3
89,0
85,3
85,0
95,1
95,3
0,438
95,0
0,9
0,310
0,305
0,308
0,304
0,303
0,302
0,307
0,12
0,437
0,10
0,8
0,0
0,427
0,300
0,426
0,299
0,439
0,298
0,425
0,297
0,424
0,296
0,423
0,295
0,435
0,294
0,422
0,293
0,421
0,292
0,387
0,291
0,356
0,290
0,417
0,289
0,416
0,288
0,418
0,287
0,415
0,286
0,414
0,285
0,373
0,284
0,412
0,283
0,411
0,282
0,410
0,281
0,434
0,280
0,409
0,279
0,407
0,278
0,406
0,277
0,433
0,276
0,405
0,275
0,404
0,274
0,314
0,273
0,402
0,272
0,400
0,271
0,399
0,270
0,401
0,269
0,398
0,268
0,336
0,267
0,396
0,266
0,395
0,265
0,394
0,264
0,386
0,263
0,429
0,262
0,382
0,261
0,391
0,260
0,390
0,259
0,428
0,258
0,389
0,257
0,388
0,256
0,321
0,255
0,334
0,254
0,372
0,253
0,385
0,252
0,384
0,251
0,371
0,250
0,355
0,249
0,383
0,248
0,325
0,247
0,447
0,246
0,380
0,245
0,431
0,244
0,432
0,242
0,379
0,241
0,369
0,240
0,378
0,239
0,377
0,238
0,430
0,237
0,436
0,236
0,376
0,235
0,332
0,234
0,370
0,233
0,366
0,232
0,351
0,231
0,445
0,230
0,446
0,229
0,365
0,228
0,227
0,318
0,226
0,362
0,225
0,224
0,360
0,223
0,359
0,222
0,358
0,221
0,320
0,220
0,440
0,219
0,323
0,218
0,354
0,217
0,317
0,216
0,352
0,215
0,324
0,214
0,350
0,213
0,381
0,212
0,327
0,211
0,347
0,210
0,209
0,420
0,208
0,344
0,207
0,331
0,206
0,342
0,205
0,341
0,204
0,340
0,203
0,339
0,202
0,201
0,328
0,200
0,392
